-228
168
-204
168
-180
168
-156
168
-132
168
-108
168
-84
168
-60
168
-36
168
-12
168
12
168
36
168
60
168
84
168
108
168
132
168
156
168
180
168
204
168
228
168
-228
144
-204
144
-180
144
-156
144
-132
144
-108
144
-84
144
-60
144
-36
144
-12
144
12
144
36
144
60
144
84
144
108
144
132
144
156
144
180
144
204
144
228
144
-228
120
-204
120
-180
120
-156
120
-132
120
-108
120
-84
120
-60
120
-36
120
-12
120
12
120
36
120
60
120
84
120
108
120
132
120
156
120
180
120
204
120
228
120
-228
96
-204
96
-180
96
-156
96
-132
96
-108
96
-84
96
-60
96
-36
96
-12
96
12
96
36
96
60
96
84
96
108
96
132
96
156
96
180
96
204
96
228
96
-228
72
-204
72
-180
72
-156
72
-132
72
-108
72
-84
72
-60
72
-36
72
-12
72
12
72
36
72
60
72
84
72
108
72
132
72
156
72
180
72
204
72
228
72
-228
48
-204
48
-180
48
-156
48
-132
48
-108
48
-84
48
-60
48
-36
48
-12
48
12
48
36
48
60
48
84
48
108
48
132
48
156
48
180
48
204
48
228
48
-228
24
-204
24
-180
24
-156
24
-132
24
-108
24
-84
24
-60
24
-36
24
-12
24
12
24
36
24
60
24
84
24
108
24
132
24
156
24
180
24
204
24
228
24
-228
0
-204
0
-180
0
-156
0
-132
0
-108
0
-84
0
-60
0
-36
0
-12
0
12
0
36
0
60
0
84
0
108
0
132
0
156
0
180
0
204
0
228
0
-228
-24
-204
-24
-180
-24
-156
-24
-132
-24
-108
-24
-84
-24
-60
-24
-36
-24
-12
-24
12
-24
36
-24
60
-24
84
-24
108
-24
132
-24
156
-24
180
-24
204
-24
228
-24
-228
-48
-204
-48
-180
-48
-156
-48
-132
-48
-108
-48
-84
-48
-60
-48
-36
-48
-12
-48
12
-48
36
-48
60
-48
84
-48
108
-48
132
-48
156
-48
180
-48
204
-48
228
-48
-228
-72
-204
-72
-180
-72
-156
-72
-132
-72
-108
-72
-84
-72
-60
-72
-36
-72
-12
-72
12
-72
36
-72
60
-72
84
-72
108
-72
132
-72
156
-72
180
-72
204
-72
228
-72
-228
-96
-204
-96
-180
-96
-156
-96
-132
-96
-108
-96
-84
-96
-60
-96
-36
-96
-12
-96
12
-96
36
-96
60
-96
84
-96
108
-96
132
-96
156
-96
180
-96
204
-96
228
-96
-228
-120
-204
-120
-180
-120
-156
-120
-132
-120
-108
-120
-84
-120
-60
-120
-36
-120
-12
-120
12
-120
36
-120
60
-120
84
-120
108
-120
132
-120
156
-120
180
-120
204
-120
228
-120
-228
-144
-204
-144
-180
-144
-156
-144
-132
-144
-108
-144
-84
-144
-60
-144
-36
-144
-12
-144
12
-144
36
-144
60
-144
84
-144
108
-144
132
-144
156
-144
180
-144
204
-144
228
-144
-228
-168
-204
-168
-180
-168
-156
-168
-132
-168
-108
-168
-84
-168
-60
-168
-36
-168
-12
-168
12
-168
36
-168
60
-168
84
-168
108
-168
132
-168
156
-168
180
-168
204
-168
228
-168